20
   -1   -1    3    3   18   13   -1   14   -1   -1   -1   15   -1   10   -1    8   -1   -1   -1   -1
   -1   -1    3   -1   -1   13   -1   12   16   -1   -1   10   -1   -1    9   -1    9    6   -1   -1
    3    3   -1   -1   14   -1   -1   -1    3   19   -1   20    3    5   -1   17   -1    9    9   -1
    3   -1   -1   -1   -1   -1   13    8    5   -1    3   19    1   -1   14   -1   -1   17   -1   -1
   18   -1   14   -1   -1   -1   11   -1   -1   -1    8   -1   15   11   -1   -1   12   -1    3    5
   13   13   -1   -1   -1   -1    2   -1   -1   13   -1   -1    6   -1   -1    9   -1   18   18   12
   -1   -1   -1   13   11    2   -1   -1   10   -1   19   13   -1   -1   20   -1   -1   18   19   17
   14   12   -1    8   -1   -1   -1   -1   -1   -1   -1    6   -1    7   12   -1   13   -1   -1   10
   -1   16    3    5   -1   -1   10   -1   -1    2    8   -1   -1   12   -1   19    3   -1   -1    3
   -1   -1   19   -1   -1   13   -1   -1    2   -1   14    7   -1   15   -1   -1    5   -1    4   -1
   -1   -1   -1    3    8   -1   19   -1    8   14   -1   19   10   17    7    9   -1   13   -1    4
   15   10   20   19   -1   -1   13    6   -1    7   19   -1   -1   16   -1    7   10   -1   -1    4
   -1   -1    3    1   15    6   -1   -1   -1   -1   10   -1   -1   -1   13   -1    4   -1    8    7
   10   -1    5   -1   11   -1   -1    7   12   15   17   16   -1   -1    2   12   -1   -1   -1   -1
   -1    9   -1   14   -1   -1   20   12   -1   -1    7   -1   13    2   -1    4    6   19   13   -1
    8   -1   17   -1   -1    9   -1   -1   19   -1    9    7   -1   12    4   -1   -1    8   11    4
   -1    9   -1   -1   12   -1   -1   13    3    5   -1   10    4   -1    6   -1   -1   -1   -1    7
   -1    6    9   17   -1   18   18   -1   -1   -1   13   -1   -1   -1   19    8   -1   -1   -1   -1
   -1   -1    9   -1    3   18   19   -1   -1    4   -1   -1    8   -1   13   11   -1   -1   -1   -1
   -1   -1   -1   -1    5   12   17   10    3   -1    4    4    7   -1   -1    4    7   -1   -1   -1
