100
   -1   -1   -1   -1   -1   -1   -1   -1   -1   -1   -1   -1   -1   -1   -1   -1   -1   -1   -1   -1   -1   -1    9   -1   -1   -1   -1   -1   -1   -1   -1   -1    9   -1   -1   -1   -1   -1   -1   -1   -1   -1   -1   -1   -1   -1   -1   -1   -1   -1   -1   -1   -1   -1   -1   -1   12   -1   -1   -1   -1   -1   -1   12   -1   -1   -1   -1   -1   -1   14   -1   -1   -1   -1   -1   -1   -1   -1   -1   14   -1   -1   -1   -1   -1   -1   -1   -1   -1   -1   -1   -1   -1   -1    6   -1   -1    4   -1
   -1   -1   -1   -1   -1    3   -1   -1   -1   -1   -1   -1   -1   -1   12   -1   -1   -1   -1   -1   -1   -1   -1   -1   -1   -1   -1   -1   -1   -1   -1   -1   -1    5   -1   -1   -1   -1   -1   -1   -1   -1   -1   -1   -1    6   -1   10   -1   -1   -1   -1   -1   -1   -1   -1   -1   -1   -1   -1   -1   -1   -1   -1   -1   -1   -1   -1   -1   -1   -1   -1    4   -1   -1   -1   -1   -1   -1   -1   -1   -1   -1   -1   -1   -1   -1   -1   -1   -1   -1   -1   -1   18   -1   -1   -1   -1   -1   -1
   -1   -1   -1   12   -1   -1   -1   -1   -1   -1   10   -1   -1   -1   18   -1   -1   -1   -1   15   -1   -1   -1   -1   -1   -1   -1   -1   -1   -1   -1   -1   -1   -1   -1   -1   -1   -1   -1   -1   -1   -1   -1   -1   -1   -1   -1   -1   -1    6   -1   -1   -1   -1   -1   -1   19    9   -1   -1   -1   -1   13   -1    8   -1   -1   -1   -1   -1   -1   -1   -1   -1   -1   -1   -1   -1   -1   -1   -1   -1   -1   -1   -1   -1   -1   -1   18   -1    6   -1   -1   -1   -1   -1   -1   -1    4   -1
   -1   -1   12   -1   -1   -1   -1   -1   -1   10   -1   -1   -1   19   -1   -1   -1   15   -1   -1   -1   -1   -1   -1   -1   -1   -1   17   -1   -1   -1   -1   18   -1   -1   -1   -1   -1   -1   -1   -1   -1   13   -1   -1   -1   -1   -1   -1   -1   -1   -1   -1   -1   15   -1   -1   -1   -1   -1   -1   -1   -1   -1   -1   -1   -1   -1   -1   -1   -1   -1   -1   -1   -1   -1   20   -1   -1   -1   -1   -1   -1   -1   -1   -1   -1   -1   -1   -1   -1   -1   -1   -1   -1   -1   -1   -1   -1   -1
   -1   -1   -1   -1   -1   -1   -1   -1   -1   -1   -1   -1   14   -1   -1   -1   -1   -1   -1   -1   -1   -1   -1   -1   19   -1   -1   -1   -1   -1   -1   -1   -1   -1   -1   -1   -1   -1    2   -1   -1   20   -1   -1   -1   -1   -1   -1   -1    7   -1   -1   -1   -1   -1   -1   -1   -1   -1   -1   -1   -1   -1   -1   -1   -1   -1   -1   -1   -1   -1   -1   -1   -1   17   -1   -1   -1   -1   -1   -1   -1   -1   -1   12   -1   -1   -1   -1   -1   -1   17   -1   -1   -1   -1   -1   -1   -1   -1
   -1    3   -1   -1   -1   -1    3   -1   -1   -1   -1   -1   -1   -1   -1   12   -1   -1   -1   -1    3   -1   -1   -1   -1   -1   -1   -1   19   -1   -1   -1   11   -1   -1   -1   -1   -1   -1   -1   19   -1   -1   -1   -1   -1   -1   -1   -1   -1   -1   -1   18   -1   -1   -1   -1   -1    9   -1   -1   -1   -1   -1    4   -1   -1   -1   -1   -1   14   -1   -1   -1   -1   -1   -1   -1   -1   -1   -1   11   -1   -1    6   -1   -1   -1   -1   -1   -1   -1   -1   -1   -1   -1    6   16   -1   -1
   -1   -1   -1   -1   -1    3   -1    7   -1   -1    3    4   -1   -1   -1   -1   -1   -1   -1   -1   -1   -1   -1   -1   10   -1   -1   -1   -1   -1   -1   -1   -1   -1   -1   -1   -1    3   -1   -1   -1   -1    7   -1   -1   -1   -1   19   -1   -1   -1   -1   -1   -1   -1   16   -1    3   -1   -1   -1   -1   -1   -1   -1   -1   15   14   -1   -1   -1   -1   -1   -1   -1   -1   -1   16   -1    9   -1   -1   -1   -1   -1   -1   -1   -1   -1   -1   -1   -1   -1   -1   -1   -1   -1   -1   -1   -1
   -1   -1   -1   -1   -1   -1    7   -1   -1   -1   -1   -1    7   -1   -1   -1   -1   -1   -1   -1   -1   -1   -1   11   -1   -1   -1   -1   -1   -1   -1   -1   -1   -1   -1   -1   -1   -1   -1   -1   -1   -1   -1   -1    8   -1   -1   -1   13   -1   -1   -1   -1   -1   -1   -1   -1   -1   -1   -1   -1   -1   -1   -1   -1   -1   19   -1   -1   -1   -1   -1   -1   -1   -1   -1   -1   -1   -1   -1   -1   -1   -1   -1   -1   -1   -1   -1   -1   19   18   -1   -1   -1   -1   11   -1   -1   -1   -1
   -1   -1   -1   -1   -1   -1   -1   -1   -1   -1   -1   -1   -1   -1   -1   -1   -1   -1   -1   -1   -1   -1   -1   -1   -1   -1   -1   -1   -1   -1   -1   -1   14   -1   -1   -1   -1   -1   -1   -1   -1   -1   -1   -1   -1   15   15   -1   -1   -1   -1   -1   -1   -1   -1   -1    9   -1   -1   -1   -1   -1    4   -1   -1   -1   -1   -1   -1   -1   -1   -1   -1   -1   -1   -1   -1   -1   -1   -1    4   -1   -1   -1   -1    3   -1   -1   -1   -1   -1   -1   -1   -1   -1   -1   -1   -1   -1   -1
   -1   -1   -1   10   -1   -1   -1   -1   -1   -1   15   -1   -1   -1   -1   -1   -1   -1   -1   -1   13   -1   -1   -1   -1   -1   -1   -1   -1    9   -1   -1   -1   -1   -1   -1   -1   -1   -1    2   11   -1   -1   -1   -1   -1   -1   -1   -1   -1   -1   -1   -1   -1   -1   -1   -1    6   -1   -1   12   -1   -1   -1   -1   -1   -1   -1   -1   -1    6   -1   -1   -1   -1   -1   -1   -1   -1   -1   -1   -1   -1   15   20   -1   -1   -1   -1   -1   -1   -1   -1   -1   -1   -1   -1   -1   -1   -1
   -1   -1   10   -1   -1   -1    3   -1   -1   15   -1   -1   -1   -1   -1   -1   -1   -1   -1   -1   18   -1   -1   12   -1   16   -1   -1   -1   -1   -1   -1   -1   -1   -1   -1   -1   -1   -1   -1   -1   -1   -1   14   -1   -1   -1   -1   -1   -1   -1   -1   -1   -1    6   -1   -1   -1   -1   -1   -1   -1   -1   14   -1   19   -1   -1   -1    4   -1   -1   -1   -1   -1   -1   -1   -1   -1   -1   -1   -1   -1   -1   20   -1   -1   -1   -1   -1   -1   -1   -1   -1   -1   -1   -1   -1   -1   -1
   -1   -1   -1   -1   -1   -1    4   -1   -1   -1   -1   -1   -1   -1   -1    3   -1   -1   -1   -1    3   -1   -1   -1   -1   -1   -1   -1   -1   18   -1   -1   -1   12   -1   -1   -1   -1   -1   -1   -1   -1   -1   -1   -1   13   -1   -1   -1   -1   -1   -1   -1   -1   -1   -1   -1   -1   -1   17   -1   -1   -1   -1   -1   -1   -1   -1   -1   -1   -1   -1   -1   17   -1   -1   -1   -1   -1   -1   -1   -1   -1   10   11   -1   -1    7   -1   -1   -1   -1   15   -1   -1   -1   -1   -1   -1   -1
   -1   -1   -1   -1   14   -1   -1    7   -1   -1   -1   -1   -1    7   11   -1   -1   -1   -1   -1   -1    4   -1   -1   -1   -1   -1   -1   -1   -1   18   -1   -1    4   -1   -1   -1   -1   -1   -1   -1   -1   -1   -1   -1   -1   -1   -1   -1   -1   -1   -1   -1   -1   -1   -1   -1   -1   -1   -1   -1   13   -1   -1   -1    6   -1   -1   -1   -1   -1   -1   -1    7   -1   -1   -1   -1   -1   -1   -1   -1   -1   -1   -1   -1   -1   -1   -1   -1   -1   -1   -1   -1   -1   -1   -1   -1   -1   -1
   -1   -1   -1   19   -1   -1   -1   -1   -1   -1   -1   -1    7   -1   -1   -1   -1   -1   -1   20   13   16   -1   -1   -1   -1    8    6   -1   -1   -1    6   -1   -1   -1   -1   -1   -1   -1   -1   -1   -1   -1   -1   -1   15   -1   -1   -1   -1   -1   -1   -1   15   -1   -1   -1   -1   -1   -1   -1   15   -1   -1   -1   -1   -1   -1   -1   -1   -1   -1   -1   -1   -1   -1   -1   -1   -1   -1   -1   -1   -1   -1   -1   -1   -1   -1   -1   -1   -1   -1   -1   -1   -1   -1   -1    4   19    5
   -1   12   18   -1   -1   -1   -1   -1   -1   -1   -1   -1   11   -1   -1   -1   -1   -1   -1   -1   -1   -1   -1   -1   -1   -1   -1   -1   -1   -1   -1   -1   -1   -1    7   -1   -1   -1   -1   -1   14   -1   -1   -1   -1   -1   -1   -1   -1   -1   -1   -1   -1   -1   20   -1   -1   -1   -1   -1   -1   -1   -1   -1   -1   -1   -1   -1   -1   -1   -1   -1   -1   15    2   -1   -1   -1   -1   -1   -1   -1   -1   -1   -1   -1   -1   -1   -1   -1    6   -1   16   -1   -1   -1   -1   -1   -1   -1
   -1   -1   -1   -1   -1   12   -1   -1   -1   -1   -1    3   -1   -1   -1   -1   -1   -1   15   -1   -1   -1   -1   -1   -1   -1   -1   -1   -1   -1   -1   -1   -1   -1   -1   -1   -1   -1   -1   -1   -1    9    9   -1   -1   -1   -1   -1   -1   -1   -1   -1   -1   -1   -1   -1   -1   -1   -1   17   -1   -1   -1   -1   -1   -1   -1   -1   -1   -1   -1   -1   11   -1   -1   -1   -1   -1   -1   -1   -1   14   -1    9   -1   -1   -1   -1   -1   -1   -1   -1   -1   -1   -1   -1   -1   -1   -1   -1
   -1   -1   -1   -1   -1   -1   -1   -1   -1   -1   -1   -1   -1   -1   -1   -1   -1   10   -1   -1   -1   -1   -1   -1   -1   -1   -1   -1   -1   -1   -1   -1   -1   -1   -1   -1    3   -1   -1   -1   -1    4   -1   18   -1   -1   -1   -1   -1   -1   -1   -1   -1   -1   -1   -1   -1   -1   -1   -1   -1   -1   -1   -1   -1   10   -1   -1   -1   -1   -1    6   -1   -1   -1   11   -1   -1   -1   17   -1   -1   -1   -1    9   -1   -1   -1   -1   -1   -1    7   -1   -1   -1   -1   -1   -1   -1   17
   -1   -1   -1   15   -1   -1   -1   -1   -1   -1   -1   -1   -1   -1   -1   -1   10   -1   -1   -1   -1   -1   -1   -1   -1   -1   -1   -1   -1   -1   -1   -1   -1   -1   12   -1   -1   -1   -1   -1   -1   -1   -1   -1   -1   -1   -1   -1   -1   -1   -1   -1   -1   -1   18   15   -1   -1   -1   -1   -1   -1   -1   -1   19   16   -1   -1   -1   -1   -1   -1   -1   -1   -1   -1   -1   -1   -1   -1   -1   -1   -1   -1   -1   -1    7   -1   -1   -1   -1   -1   -1   -1   -1   -1   -1   -1   -1   -1
   -1   -1   -1   -1   -1   -1   -1   -1   -1   -1   -1   -1   -1   -1   -1   15   -1   -1   -1   -1   -1   -1   -1   -1   -1   -1   -1   -1   -1   -1   -1   -1   -1   -1   -1   -1   -1   -1   13   -1   -1   -1   -1   -1   -1   -1   -1   -1   -1   10   -1    3   -1   -1   -1   -1   -1   -1   -1   -1   -1   -1   -1   -1   -1   -1   -1   -1   -1   -1   -1   -1   -1   -1   -1   -1   -1   -1   -1   -1   -1   -1   -1   -1   -1   -1    4   -1   -1   -1   -1   -1   -1   15   -1   -1   -1   -1   -1   -1
   -1   -1   15   -1   -1   -1   -1   -1   -1   -1   -1   -1   -1   20   -1   -1   -1   -1   -1   -1   -1   -1   -1    6   -1   -1   -1   -1   -1   -1   -1   -1   -1   -1   -1   -1   -1   -1   12   -1   -1   -1   -1   -1   -1   -1    4   -1   -1   -1   -1   -1   -1   -1   -1   -1   -1   -1   17   -1   -1   -1   -1   -1   -1   -1   -1    5   -1   -1   -1   -1   -1   -1   -1   -1   -1   -1   -1   -1   -1   17   -1   -1   -1   -1   -1   -1   -1   -1   -1   -1   -1   -1    6   -1   -1   16   -1   12
   -1   -1   -1   -1   -1    3   -1   -1   -1   13   18    3   -1   13   -1   -1   -1   -1   -1   -1   -1   -1    8   -1   -1   -1   -1   -1   -1   15   -1   -1   -1   -1   -1   -1   -1   -1   -1   -1   -1   -1   -1    9   -1   -1   -1   -1   -1   -1   -1   -1   -1   -1   -1   -1   -1   -1   -1   -1   -1   -1   -1   -1   -1   -1   -1   -1   -1    8   19   -1   -1   -1   -1   11   -1   -1   -1   -1   -1   -1   -1   -1   -1   -1   -1   -1   -1   -1   -1   -1   17   -1   -1   -1   -1   -1   -1   -1
   -1   -1   -1   -1   -1   -1   -1   -1   -1   -1   -1   -1    4   16   -1   -1   -1   -1   -1   -1   -1   -1   -1   -1   -1   -1   -1   -1   -1   -1   13   -1   11   -1    5   -1   -1   -1   -1   -1   -1   10   -1   -1   -1   -1   -1   -1   -1   -1   -1   -1   -1   -1   -1   -1   -1   -1   -1   -1   -1   -1   -1   -1    8   -1   -1   -1   -1   -1   -1   -1   -1   -1   -1   -1   -1   -1   -1   -1   -1   -1   -1   -1   -1   -1   -1   -1   -1   -1   -1   -1   -1   -1    5   -1   -1   -1   -1   -1
    9   -1   -1   -1   -1   -1   -1   -1   -1   -1   -1   -1   -1   -1   -1   -1   -1   -1   -1   -1    8   -1   -1   -1   -1   -1   -1   -1   -1   -1   -1   -1   -1   -1   -1   -1   -1   -1   -1   -1   -1   -1   -1   -1   20   -1   -1   -1   -1   -1    5    8   -1   -1    6   -1   -1   -1   -1   -1    8    6    7   -1   -1   -1   -1   -1   -1   -1   -1   -1   -1   -1   -1   11   15   -1   -1   -1   -1   11   -1    6   -1   -1   -1   -1   -1   -1   -1   -1   -1   -1   -1   -1   12   -1   -1   -1
   -1   -1   -1   -1   -1   -1   -1   11   -1   -1   12   -1   -1   -1   -1   -1   -1   -1   -1    6   -1   -1   -1   -1   -1   -1   -1   -1   -1   -1   -1    2   -1   -1   -1   -1   -1   -1   -1   -1   -1   -1   -1   -1   -1   -1   -1   -1   -1   -1   16   -1   -1   18   -1   -1   -1   -1   -1   -1   -1   -1   -1   -1   -1   18   -1   -1   -1   -1   -1   -1   -1   -1   -1   -1   -1   -1   -1   -1   -1   -1   -1   -1   -1   -1   -1    5   -1   -1   16   -1    3   -1   -1   -1   -1   -1   -1   -1
   -1   -1   -1   -1   19   -1   10   -1   -1   -1   -1   -1   -1   -1   -1   -1   -1   -1   -1   -1   -1   -1   -1   -1   -1   -1   -1   -1   -1   -1   -1   -1   -1   -1   -1   -1   -1   -1   -1   -1   -1   -1   -1   -1   -1   -1   -1   -1   -1   -1   -1    7   -1   -1   -1   -1   -1   -1   -1   -1   -1   -1   -1   -1   -1   -1   -1   -1   -1   -1   -1   -1   -1   18   -1   -1   -1   -1   -1   -1   -1   -1   -1   -1   -1   -1   -1   -1   -1   -1   -1   -1    2   -1   -1   -1   -1   -1   -1   -1
   -1   -1   -1   -1   -1   -1   -1   -1   -1   -1   16   -1   -1   -1   -1   -1   -1   -1   -1   -1   -1   -1   -1   -1   -1   -1   -1   -1   18   -1   -1   -1   10   -1   -1   -1   17   -1   -1   -1   -1   -1   -1   -1   -1    6   -1   -1   -1   -1   -1   -1   -1   -1   -1   20   -1   -1   -1   -1   -1   -1   -1   -1   -1   -1   -1    5   -1   19   13   -1   -1   -1   -1    4    3   -1   -1   -1   -1   -1   -1   -1   -1   -1   -1   -1   -1   -1   -1   -1   15   -1   -1   -1   -1   -1   -1   -1
   -1   -1   -1   -1   -1   -1   -1   -1   -1   -1   -1   -1   -1    8   -1   -1   -1   -1   -1   -1   -1   -1   -1   -1   -1   -1   -1   -1   -1   -1   -1   -1   -1   -1   12    6   -1   -1   -1   -1   -1   -1    4   -1   -1    4   -1   -1   -1   -1   -1   -1   -1   -1   -1   12   -1   -1   -1   -1   -1   -1    7   12   -1   -1   -1   -1   -1   -1   -1   -1   -1   -1   -1   13   -1    2   13   -1   -1   -1   -1   -1   -1   -1   -1   -1   -1   -1   -1    8   -1    6   -1   -1   -1   -1   15   -1
   -1   -1   -1   17   -1   -1   -1   -1   -1   -1   -1   -1   -1    6   -1   -1   -1   -1   -1   -1   -1   -1   -1   -1   -1   -1   -1   -1   -1   -1   -1   -1   -1   -1   -1   15   -1   -1   -1   -1   -1   -1   -1   -1   -1   -1   -1   -1   -1   -1   -1   -1   -1   -1   -1   14   -1   -1   -1   -1   -1   -1    2   -1   -1    8   -1   -1   -1   -1   -1   -1   -1   -1   -1    2   -1   -1   -1   -1   -1   -1   -1   -1   -1   -1   -1   -1   -1   -1   -1   -1    2   -1   -1   -1   -1   -1   -1   -1
   -1   -1   -1   -1   -1   19   -1   -1   -1   -1   -1   -1   -1   -1   -1   -1   -1   -1   -1   -1   -1   -1   -1   -1   -1   18   -1   -1   -1   -1   -1   -1   -1   -1   -1   -1   -1   -1   -1   -1   -1   -1   -1   -1   -1   -1   -1   -1   -1   -1   -1   -1   -1   -1   -1   -1    4   -1   -1   -1   -1   -1   -1   -1   -1   -1   -1   -1   -1   -1   -1   -1   -1   -1   -1   -1   -1   -1   -1   -1    7    2   -1   -1   -1   -1   -1   -1   -1   -1   -1   -1   -1   -1   -1   -1   -1   -1   13   -1
   -1   -1   -1   -1   -1   -1   -1   -1   -1    9   -1   18   -1   -1   -1   -1   -1   -1   -1   -1   15   -1   -1   -1   -1   -1   -1   -1   -1   -1   -1   -1   -1   -1   -1   -1   -1   -1   -1   -1   -1   -1   -1    6   -1   -1   -1   -1   -1   -1   -1   -1   -1   -1   20   -1   -1   -1   -1   -1   -1   -1   -1    4   -1   -1   -1   -1   -1   -1   -1   13   -1   -1   -1   -1   -1   -1   -1   -1   -1   -1   -1   -1   -1   10   -1   -1   -1   -1   -1   -1   -1   -1   -1   -1   -1   -1   13   -1
   -1   -1   -1   -1   -1   -1   -1   -1   -1   -1   -1   -1   18   -1   -1   -1   -1   -1   -1   -1   -1   13   -1   -1   -1   -1   -1   -1   -1   -1   -1   -1   17   -1   -1   -1   -1   -1   -1   -1   -1   -1   -1   -1   -1   -1   -1    4   -1   -1   -1   -1   12   -1   -1   -1   -1   -1   -1   -1   -1   -1   -1   -1   -1   -1    6   -1   -1   -1   -1   -1   -1   -1   -1   -1   -1   -1   -1   -1   -1   -1   -1   -1   -1   -1   -1   -1   -1   -1   -1   -1    1   -1   -1   -1   16   -1   -1   -1
   -1   -1   -1   -1   -1   -1   -1   -1   -1   -1   -1   -1   -1    6   -1   -1   -1   -1   -1   -1   -1   -1   -1    2   -1   -1   -1   -1   -1   -1   -1   -1   -1   -1   -1   -1   -1   -1   -1   -1   -1   -1   -1   -1   -1   -1   -1   -1   -1   11   -1   -1   -1   -1   -1   -1   -1   -1   -1   -1   -1   -1   -1   -1   -1   -1   -1   -1   -1   -1   -1   -1   -1   -1   -1   -1   -1   -1   -1   -1   -1   -1   -1   -1   18   -1   -1   -1   -1   -1   -1   -1   -1   -1   -1   -1   -1   -1   -1   -1
    9   -1   -1   18   -1   11   -1   -1   14   -1   -1   -1   -1   -1   -1   -1   -1   -1   -1   -1   -1   11   -1   -1   -1   10   -1   -1   -1   -1   17   -1   -1   -1   -1   -1   -1   -1   -1   20   -1    9   -1   -1   -1   -1   -1   -1   -1   -1   -1   -1   -1   -1   -1   -1   -1   -1   12   -1   12   -1   -1   -1   -1   -1   -1   -1   -1   -1   -1   -1   -1   -1   -1   -1   -1   -1   -1   -1   -1   -1   -1   -1   -1   -1    3   -1   -1   -1   -1   -1   -1   -1   -1   -1   -1   -1   -1   -1
   -1    5   -1   -1   -1   -1   -1   -1   -1   -1   -1   12    4   -1   -1   -1   -1   -1   -1   -1   -1   -1   -1   -1   -1   -1   -1   -1   -1   -1   -1   -1   -1   -1   -1   -1   -1   -1   20   -1   14   -1   -1   -1   -1   -1   -1   -1   -1    4   13   -1   -1   -1   -1   -1   -1   -1   -1    4   -1   -1   -1   -1   -1   -1   -1   -1   -1   -1   -1   -1   20   -1   -1   -1   -1   -1   -1   -1   -1   17   -1   20   -1   -1   -1   -1   -1   -1   -1   20   -1   -1   -1   -1    5   -1   -1   -1
   -1   -1   -1   -1   -1   -1   -1   -1   -1   -1   -1   -1   -1   -1    7   -1   -1   12   -1   -1   -1    5   -1   -1   -1   -1   12   -1   -1   -1   -1   -1   -1   -1   -1   -1   -1   -1   -1   -1   -1   -1   -1   -1   -1   -1   11   -1   16   -1   -1   -1   -1   -1   -1   -1   -1   -1   -1   -1   -1   -1   -1   -1   -1   -1   -1   -1    7   -1   -1   -1   -1   -1   -1   -1   -1   -1   -1   -1   -1   -1   -1   -1   -1   -1   -1   15   -1   -1   -1   -1   -1   -1   -1   -1   -1   -1   -1   -1
   -1   -1   -1   -1   -1   -1   -1   -1   -1   -1   -1   -1   -1   -1   -1   -1   -1   -1   -1   -1   -1   -1   -1   -1   -1   -1    6   15   -1   -1   -1   -1   -1   -1   -1   -1   -1   -1   -1   -1   -1   -1   -1   -1   -1   -1   -1   19   -1   -1   -1   -1   -1   -1   -1   -1   -1    2   -1   -1   -1   -1   -1   -1   -1   -1   -1   12    6   -1   -1   -1   -1   -1   -1   -1   10   -1   -1   -1   -1   -1   -1    3   -1   -1   -1   -1   13   -1   -1   -1   -1   -1   -1   -1   -1   -1   -1   -1
   -1   -1   -1   -1   -1   -1   -1   -1   -1   -1   -1   -1   -1   -1   -1   -1    3   -1   -1   -1   -1   -1   -1   -1   -1   17   -1   -1   -1   -1   -1   -1   -1   -1   -1   -1   -1   -1   -1   -1   -1   -1    8   -1   -1   17   -1   -1   -1   -1   -1   -1    9   -1    6   -1   -1   -1   -1   -1   -1   -1   -1   -1   17   -1   -1   -1   -1   -1   -1   -1   -1   -1   -1   -1   -1   -1   -1   17   -1   -1   -1   -1   -1   -1   -1   -1   -1   -1   -1   -1   -1   -1   -1   -1   -1   -1   -1    3
   -1   -1   -1   -1   -1   -1    3   -1   -1   -1   -1   -1   -1   -1   -1   -1   -1   -1   -1   -1   -1   -1   -1   -1   -1   -1   -1   -1   -1   -1   -1   -1   -1   -1   -1   -1   -1   -1   -1   -1   -1   -1   -1   -1   -1   -1   -1   -1   -1   -1   -1   -1   -1   -1   -1   -1   -1   -1   -1   -1   -1   -1   -1    3   -1   -1   -1   -1    2   -1   -1   -1   -1    4   -1   19    3   -1   -1   -1   -1   -1   -1    7   -1   -1    4   -1   -1   -1   -1   -1   -1   -1   -1   -1   -1   -1    6   -1
   -1   -1   -1   -1    2   -1   -1   -1   -1   -1   -1   -1   -1   -1   -1   -1   -1   -1   13   12   -1   -1   -1   -1   -1   -1   -1   -1   -1   -1   -1   -1   -1   20   -1   -1   -1   -1   -1   -1   -1   -1   -1   -1   -1   -1   -1   -1   -1   -1   -1   -1   -1   -1   12   -1   -1   11   -1   -1   -1   -1   -1   -1    4   -1   -1   -1   -1   -1   -1   -1   -1   -1   -1   -1   -1   -1   -1   -1   -1   -1   -1   17    8   -1   -1   -1   -1   -1   -1   -1   -1   18   -1   13   -1   -1   -1   -1
   -1   -1   -1   -1   -1   -1   -1   -1   -1    2   -1   -1   -1   -1   -1   -1   -1   -1   -1   -1   -1   -1   -1   -1   -1   -1   -1   -1   -1   -1   -1   -1   20   -1   -1   -1   -1   -1   -1   -1   -1   -1   -1   -1   -1   -1   11   -1   -1   -1   -1   -1   14    3   -1   12   -1   -1   -1   -1   -1   -1   -1   -1    9   -1   -1   -1   -1   -1   -1   -1   -1   -1   -1   -1   -1   -1   -1   -1   -1   13    5   -1   -1   -1   -1   -1    8   -1   -1   -1   -1   -1    2   -1   -1   -1   -1   -1
   -1   -1   -1   -1   -1   19   -1   -1   -1   11   -1   -1   -1   -1   14   -1   -1   -1   -1   -1   -1   -1   -1   -1   -1   -1   -1   -1   -1   -1   -1   -1   -1   14   -1   -1   -1   -1   -1   -1   -1   -1   -1   -1   -1   -1   -1   -1   -1   -1   -1   -1   -1   -1   -1   -1   -1   -1   -1   -1   -1   -1   -1   -1   -1   -1   -1   -1   -1   -1   -1   -1   -1   -1   -1   -1   -1   -1   -1   -1   -1   -1   14   -1   -1   -1   -1   -1   -1   -1   -1   -1   -1    5   -1   -1   -1   19   -1   -1
   -1   -1   -1   -1   20   -1   -1   -1   -1   -1   -1   -1   -1   -1   -1    9    4   -1   -1   -1   -1   10   -1   -1   -1   -1   -1   -1   -1   -1   -1   -1    9   -1   -1   -1   -1   -1   -1   -1   -1   -1   -1   -1    7   13   -1    8   -1   -1   17   13   -1   -1   -1   -1   -1   -1   -1   -1   12   -1   -1   -1   -1   15   -1   -1   -1   -1   -1   -1   15   -1   -1   12   -1   -1   -1   -1   -1   -1   -1   -1   -1   -1   -1   -1   -1   -1   -1   -1   -1   -1   -1   -1   -1   -1   -1   -1
   -1   -1   -1   13   -1   -1    7   -1   -1   -1   -1   -1   -1   -1   -1    9   -1   -1   -1   -1   -1   -1   -1   -1   -1   -1    4   -1   -1   -1   -1   -1   -1   -1   -1   -1    8   -1   -1   -1   -1   -1   -1   -1   -1   -1   -1   -1   -1   -1   -1   -1    4   -1    7   -1   20   -1   -1   -1   -1   -1   -1   -1   -1   -1   -1   -1   -1   -1   -1   15   -1   -1   -1   -1   -1   -1   -1   -1   -1   -1   -1   -1   -1   -1   -1   -1   -1    4   -1   -1   -1   -1   -1   -1   -1   -1   -1   -1
   -1   -1   -1   -1   -1   -1   -1   -1   -1   -1   14   -1   -1   -1   -1   -1   18   -1   -1   -1    9   -1   -1   -1   -1   -1   -1   -1   -1    6   -1   -1   -1   -1   -1   -1   -1   -1   -1   -1   -1   -1   -1   -1   -1   -1   -1   -1   -1   -1   -1   -1   -1   -1   -1   -1   -1   -1   -1   11   -1   -1   -1   -1   -1   -1   -1   -1   -1   -1   -1   -1   -1   -1   -1   -1   -1   -1   -1   -1   -1   19   -1   -1   -1   -1   -1   -1   -1   -1   -1   -1   -1    5   -1   -1   -1   -1   -1   15
   -1   -1   -1   -1   -1   -1   -1    8   -1   -1   -1   -1   -1   -1   -1   -1   -1   -1   -1   -1   -1   -1   20   -1   -1   -1   -1   -1   -1   -1   -1   -1   -1   -1   -1   -1   -1   -1   -1   -1   -1    7   -1   -1   -1   -1   -1   -1   -1   19   -1   -1   -1   -1   -1   -1   17   -1   -1   -1   -1   -1   -1   -1   -1   -1   -1   -1   -1   -1   -1    4   -1   12   -1   -1   -1   -1   -1   -1   -1   -1   -1   -1   -1   -1   -1   -1   11   -1   -1   -1   -1   -1   -1   -1    6   -1   -1   -1
   -1    6   -1   -1   -1   -1   -1   -1   15   -1   -1   13   -1   15   -1   -1   -1   -1   -1   -1   -1   -1   -1   -1   -1    6    4   -1   -1   -1   -1   -1   -1   -1   -1   -1   17   -1   -1   -1   -1   13   -1   -1   -1   -1   -1    9   -1   -1   -1   -1   -1   -1   -1   -1   -1   -1   -1   -1   -1   -1   -1   -1   -1   -1   -1   -1   -1   -1    8   -1   -1   -1   -1   -1   -1   20   -1   -1   -1   -1   -1   -1   -1   -1   -1   -1   -1   -1   -1    6   -1   -1   -1   -1   -1   -1   -1   -1
   -1   -1   -1   -1   -1   -1   -1   -1   15   -1   -1   -1   -1   -1   -1   -1   -1   -1   -1    4   -1   -1   -1   -1   -1   -1   -1   -1   -1   -1   -1   -1   -1   -1   11   -1   -1   -1   -1   11   -1   -1   -1   -1   -1   -1   -1   -1   -1   -1   -1   -1   -1   -1   -1   -1   -1   -1   -1   -1   -1   -1   -1   -1   -1   -1   -1   -1   -1   -1   -1   -1   -1   -1   -1   -1   -1   -1   -1    6   -1   -1   -1   -1   10   -1   -1   -1   -1   -1   -1   -1   -1   -1   -1   -1   -1   -1   -1   -1
   -1   10   -1   -1   -1   -1   19   -1   -1   -1   -1   -1   -1   -1   -1   -1   -1   -1   -1   -1   -1   -1   -1   -1   -1   -1   -1   -1   -1   -1    4   -1   -1   -1   -1   19   -1   -1   -1   -1   -1    8   -1   -1   -1    9   -1   -1   -1   -1   19   -1   -1   -1   -1   -1   -1   -1   -1   -1   -1   -1   -1   -1   -1   -1   -1   -1   -1   -1   -1   -1   -1   -1   -1   -1   19   -1   -1   -1   -1   -1   -1   -1    3   -1   -1   -1   -1   -1   -1    2   -1   -1   -1   -1    6   -1   -1   20
   -1   -1   -1   -1   -1   -1   -1   13   -1   -1   -1   -1   -1   -1   -1   -1   -1   -1   -1   -1   -1   -1   -1   -1   -1   -1   -1   -1   -1   -1   -1   -1   -1   -1   16   -1   -1   -1   -1   -1   -1   -1   -1   -1   -1   -1   -1   -1   -1   -1   -1   -1   -1   -1   -1   -1   -1    8   -1   -1   -1   -1   -1   -1   -1   -1   -1   -1   -1   -1   -1   -1   -1   -1   -1   -1   -1   -1   -1   -1   -1   -1   -1   -1    3   -1   -1   -1   -1   -1   -1   -1   -1   -1   19   -1   -1   -1    6   -1
   -1   -1    6   -1    7   -1   -1   -1   -1   -1   -1   -1   -1   -1   -1   -1   -1   -1   10   -1   -1   -1   -1   -1   -1   -1   -1   -1   -1   -1   -1   11   -1    4   -1   -1   -1   -1   -1   -1   -1   -1   -1   -1   19   -1   -1   -1   -1   -1   -1   -1   17    7    4   -1   -1   -1    6   -1   -1   -1   -1   -1   -1   -1   -1   -1   -1   -1   -1   -1   14   -1   -1   20    4   -1   -1   -1   -1   -1   -1   -1   -1   -1    2   -1   -1   -1    8   -1   -1   -1   -1   -1   -1   -1   -1   -1
   -1   -1   -1   -1   -1   -1   -1   -1   -1   -1   -1   -1   -1   -1   -1   -1   -1   -1   -1   -1   -1   -1    5   16   -1   -1   -1   -1   -1   -1   -1   -1   -1   13   -1   -1   -1   -1   -1   -1   -1   17   -1   -1   -1   -1   -1   19   -1   -1   -1   -1   -1   -1   -1   -1   -1   -1   -1    9   -1   -1   14   -1   -1   -1   -1   -1   -1   -1   -1   -1   -1   -1   -1   -1   -1   -1   -1   -1   -1   -1   -1   -1   13   -1   -1   -1   -1   -1   -1   -1   -1   -1   -1   -1   -1   -1   -1   -1
   -1   -1   -1   -1   -1   -1   -1   -1   -1   -1   -1   -1   -1   -1   -1   -1   -1   -1    3   -1   -1   -1    8   -1    7   -1   -1   -1   -1   -1   -1   -1   -1   -1   -1   -1   -1   -1   -1   -1   -1   13   -1   -1   -1   -1   -1   -1   -1   -1   -1   -1   -1   -1   -1   -1   -1   -1   -1   -1   -1   -1    9   13   -1   18   -1   -1   -1   -1   -1   -1   -1   -1   -1   -1   -1   -1   -1   -1   -1   -1   20   -1   -1   -1   -1   -1   -1   -1   -1   -1   -1   -1   -1   -1   -1   -1   -1   -1
   -1   -1   -1   -1   -1   18   -1   -1   -1   -1   -1   -1   -1   -1   -1   -1   -1   -1   -1   -1   -1   -1   -1   -1   -1   -1   -1   -1   -1   -1   12   -1   -1   -1   -1   -1    9   -1   -1   14   -1   -1    4   -1   -1   -1   -1   -1   -1   17   -1   -1   -1   -1   -1   -1   -1   -1   -1   -1   -1   -1   -1   -1   -1   -1   -1   -1   -1   -1   -1   -1   -1   -1   -1   -1   -1   -1   -1   -1   -1   -1   -1   -1   -1   -1   -1   -1   -1   -1   -1   16   -1   10   -1   -1   -1   -1   -1   11
   -1   -1   -1   -1   -1   -1   -1   -1   -1   -1   -1   -1   -1   15   -1   -1   -1   -1   -1   -1   -1   -1   -1   18   -1   -1   -1   -1   -1   -1   -1   -1   -1   -1   -1   -1   -1   -1   -1    3   -1   -1   -1   -1   -1   -1   -1   -1   -1    7   -1   -1   -1   -1   -1   -1   -1   -1   -1   -1   -1   -1   -1   -1   -1   -1   -1    2   -1   -1   -1   -1   -1   -1   -1   -1   -1   -1   11   -1   10   -1   -1   -1   -1   -1   -1   -1   -1   -1   -1   14   -1   -1   -1   17   -1   -1    3   -1
   -1   -1   -1   15   -1   -1   -1   -1   -1   -1    6   -1   -1   -1   20   -1   -1   18   -1   -1   -1   -1    6   -1   -1   -1   -1   -1   -1   20   -1   -1   -1   -1   -1   -1    6   -1   12   -1   -1   -1    7   -1   -1   -1   -1   -1   -1    4   -1   -1   -1   -1   -1   -1   -1   -1   10   -1   -1   -1   -1   -1   -1   -1   15   -1   -1   -1   -1   -1   -1   -1   -1    2   -1   -1   -1   -1   -1   -1   -1   -1   -1   -1   -1   -1   -1   -1   -1   -1   -1   11   -1   -1   -1   -1   -1   17
   -1   -1   -1   -1   -1   -1   16   -1   -1   -1   -1   -1   -1   -1   -1   -1   -1   15   -1   -1   -1   -1   -1   -1   -1   20   12   14   -1   -1   -1   -1   -1   -1   -1   -1   -1   -1   -1   12   -1   -1   -1   -1   -1   -1   -1   -1   -1   -1   -1   -1   -1   -1   -1   -1   -1   -1   -1   -1   -1   -1   -1   -1   -1   -1    3    8   -1   -1   -1   -1   -1   -1   -1   -1    4   -1   -1   -1   -1   -1   -1   -1   10   -1   -1   -1   -1   -1   -1    6   -1   20   -1   -1   -1   -1   -1   -1
   12   -1   19   -1   -1   -1   -1   -1    9   -1   -1   -1   -1   -1   -1   -1   -1   -1   -1   -1   -1   -1   -1   -1   -1   -1   -1   -1    4   -1   -1   -1   -1   -1   -1   -1   -1   -1   -1   -1   -1   -1   20   -1   17   -1   -1   -1   -1   -1   -1   -1   -1   -1   -1   -1   -1   -1   -1   -1   -1   -1   17   -1   -1   -1   10   -1   -1   -1   -1   -1   -1   -1   -1   -1   -1   -1   -1   -1   20   17   -1   -1   -1   18   -1   -1   -1   -1   -1   -1   -1   -1   -1   -1    7   -1   -1   -1
   -1   -1    9   -1   -1   -1    3   -1   -1    6   -1   -1   -1   -1   -1   -1   -1   -1   -1   -1   -1   -1   -1   -1   -1   -1   -1   -1   -1   -1   -1   -1   -1   -1   -1    2   -1   -1   11   -1   -1   -1   -1   -1   -1   -1   -1   -1    8   -1   -1   -1   -1   -1   -1   -1   -1   -1   -1   -1   -1   -1   -1   -1   -1   -1   -1    5   -1   -1   -1   -1    7   -1   -1   -1   -1   -1   -1   -1    3   -1    2   -1   -1   -1   19   -1   -1   -1   -1   -1   -1   -1   -1   -1    4   -1   -1   20
   -1   -1   -1   -1   -1    9   -1   -1   -1   -1   -1   -1   -1   -1   -1   -1   -1   -1   -1   17   -1   -1   -1   -1   -1   -1   -1   -1   -1   -1   -1   -1   12   -1   -1   -1   -1   -1   -1   -1   -1   -1   -1   -1   -1   -1   -1   -1   -1    6   -1   -1   -1   -1   10   -1   -1   -1   -1   -1   -1   -1   -1    8   -1   -1   -1   -1   -1   -1   -1   -1   -1   -1   -1   -1   -1   -1   -1   -1   -1   -1   -1   -1   -1    5   -1   -1   -1   -1   -1   -1   -1   -1   -1   -1   16   -1   -1   -1
   -1   -1   -1   -1   -1   -1   -1   -1   -1   -1   -1   17   -1   -1   -1   17   -1   -1   -1   -1   -1   -1   -1   -1   -1   -1   -1   -1   -1   -1   -1   -1   -1    4   -1   -1   -1   -1   -1   -1   -1   -1   -1   11   -1   -1   -1   -1   -1   -1    9   -1   -1   -1   -1   -1   -1   -1   -1   -1   -1   -1   -1   -1   -1   -1   -1   -1   -1   -1    3   -1   -1   -1    9   -1   -1   -1   -1   -1   -1   12   -1   -1   -1   -1   -1   -1   -1   -1   -1   -1   -1   -1   10   -1   -1   -1   13   -1
   -1   -1   -1   -1   -1   -1   -1   -1   -1   12   -1   -1   -1   -1   -1   -1   -1   -1   -1   -1   -1   -1    8   -1   -1   -1   -1   -1   -1   -1   -1   -1   12   -1   -1   -1   -1   -1   -1   -1   -1   12   -1   -1   -1   -1   -1   -1   -1   -1   -1   -1   -1   -1   -1   -1   -1   -1   -1   -1   -1   -1   -1   -1   -1   -1   -1   -1   -1   -1   -1    2   -1   -1   -1   -1   -1   -1   11   -1   -1   -1   -1   -1   -1   -1   -1   -1   -1   -1   -1   20   -1   -1   -1   -1   -1   -1   -1   -1
   -1   -1   -1   -1   -1   -1   -1   -1   -1   -1   -1   -1   13   15   -1   -1   -1   -1   -1   -1   -1   -1    6   -1   -1   -1   -1   -1   -1   -1   -1   -1   -1   -1   -1   -1   -1   -1   -1   -1   -1   -1   -1   -1   -1   -1   -1   -1   -1   -1   -1   -1   -1   -1   -1   -1   -1   -1   -1   -1   -1   -1   -1   -1   -1   -1   -1   -1   -1   -1   -1   -1   -1   -1   -1   -1   -1   -1   -1   -1   -1   -1   -1   -1   -1   -1   -1   -1   -1   11   -1   18   -1   -1   15   -1   -1   -1   -1   -1
   -1   -1   13   -1   -1   -1   -1   -1    4   -1   -1   -1   -1   -1   -1   -1   -1   -1   -1   -1   -1   -1    7   -1   -1   -1    7    2   -1   -1   -1   -1   -1   -1   -1   -1   -1   -1   -1   -1   -1   -1   -1   -1   -1   -1   -1   -1   -1   -1   14    9   -1   -1   -1   -1   17   -1   -1   -1   -1   -1   -1   -1   -1   -1   -1   -1   -1   -1   -1   -1   -1   -1   -1   -1   -1   -1   -1   -1   -1   -1   -1   -1   10   -1   -1   -1   -1   -1   -1   19   -1   -1   -1   -1    7   -1   -1   -1
   12   -1   -1   -1   -1   -1   -1   -1   -1   -1   14   -1   -1   -1   -1   -1   -1   -1   -1   -1   -1   -1   -1   -1   -1   -1   12   -1   -1    4   -1   -1   -1   -1   -1   -1   -1    3   -1   -1   -1   -1   -1   -1   -1   -1   -1   -1   -1   -1   -1   13   -1   -1   -1   -1   -1   -1    8   -1   -1   -1   -1   -1   -1   -1   -1    9   -1   -1   -1   -1   -1   -1   -1   -1   -1   -1   -1   -1   -1   -1   -1   17   -1   -1   -1   -1   -1   13   -1   -1   -1   -1   -1   -1   -1   -1   -1   19
   -1   -1    8   -1   -1    4   -1   -1   -1   -1   -1   -1   -1   -1   -1   -1   -1   19   -1   -1   -1    8   -1   -1   -1   -1   -1   -1   -1   -1   -1   -1   -1   -1   -1   -1   17   -1    4    9   -1   -1   -1   -1   -1   -1   -1   -1   -1   -1   -1   -1   -1   -1   -1   -1   -1   -1   -1   -1   -1   -1   -1   -1   -1   -1   -1   -1   -1   -1   -1   -1   -1   -1   -1   -1   -1   -1   -1   20   -1   -1   -1   -1   -1   -1   -1   -1   -1   -1   -1   -1   -1   -1   -1   -1   -1   -1   -1   -1
   -1   -1   -1   -1   -1   -1   -1   -1   -1   -1   19   -1    6   -1   -1   -1   10   16   -1   -1   -1   -1   -1   18   -1   -1   -1    8   -1   -1   -1   -1   -1   -1   -1   -1   -1   -1   -1   -1   -1   15   -1   -1   -1   -1   -1   -1   -1   -1   -1   18   -1   -1   -1   -1   -1   -1   -1   -1   -1   -1   -1   -1   -1   -1   -1   -1   -1   -1   -1   -1   -1   -1   -1   -1   -1   -1   13   -1   -1   -1    5    9   -1   -1   -1   -1   -1   -1   -1   -1   -1   -1    5   15   -1   -1    5   -1
   -1   -1   -1   -1   -1   -1   15   19   -1   -1   -1   -1   -1   -1   -1   -1   -1   -1   -1   -1   -1   -1   -1   -1   -1   -1   -1   -1   -1   -1    6   -1   -1   -1   -1   -1   -1   -1   -1   -1   -1   -1   -1   -1   -1   -1   -1   -1   -1   -1   -1   -1   -1   -1   15    3   10   -1   -1   -1   -1   -1   -1   -1   -1   -1   -1   -1   -1   -1   -1   -1   -1   -1   -1   -1   -1   -1   -1   -1   -1   -1   -1   -1   -1   -1   -1   -1   -1   -1   -1   -1   -1   -1   -1   -1   -1   -1   -1   15
   -1   -1   -1   -1   -1   -1   14   -1   -1   -1   -1   -1   -1   -1   -1   -1   -1   -1   -1    5   -1   -1   -1   -1   -1    5   -1   -1   -1   -1   -1   -1   -1   -1   -1   12   -1   -1   -1   -1   -1   -1   -1   -1   -1   -1   -1   -1   -1   -1   -1   -1   -1    2   -1    8   -1    5   -1   -1   -1   -1   -1    9   -1   -1   -1   -1   -1   -1   -1    9   -1   -1   -1   -1   -1   -1   11   -1   -1   -1   -1   -1   -1   12   11   -1   11   -1   -1   -1   -1   -1   -1   -1   -1   -1   -1   -1
   -1   -1   -1   -1   -1   -1   -1   -1   -1   -1   -1   -1   -1   -1   -1   -1   -1   -1   -1   -1   -1   -1   -1   -1   -1   -1   -1   -1   -1   -1   -1   -1   -1   -1    7    6   -1    2   -1   -1   -1   -1   -1   -1   -1   -1   -1   -1   -1   -1   -1   -1   -1   -1   -1   -1   -1   -1   -1   -1   -1   -1   -1   -1   -1   -1   -1   -1   -1   -1   -1   -1   -1   -1   -1   -1   -1   -1   -1   -1   18   -1   -1   -1   -1   -1   -1   -1   -1   -1   -1   -1   -1   -1   -1   -1   -1   -1   -1   -1
   -1   -1   -1   -1   -1   -1   -1   -1   -1   -1    4   -1   -1   -1   -1   -1   -1   -1   -1   -1    8   -1   -1   -1   -1   19   -1   -1   -1   -1   -1   -1   -1   -1   -1   -1   -1   -1   -1   -1   -1   -1   -1   -1   -1   -1   -1   -1   -1   -1   -1   -1   -1   -1   -1   -1   -1   -1   -1   -1   -1   -1   -1   -1   -1   -1   -1   -1   -1   -1   -1   -1   -1   -1   -1   -1   -1   -1   -1   -1   12   -1   11    9   -1   -1   -1   -1   -1   -1   -1    7   -1   -1   -1   -1   -1   -1   -1   -1
   14   -1   -1   -1   -1   14   -1   -1   -1    6   -1   -1   -1   -1   -1   -1   -1   -1   -1   -1   19   -1   -1   -1   -1   13   -1   -1   -1   -1   -1   -1   -1   -1   -1   -1   -1   -1   -1   -1   -1   -1   -1   -1   -1    8   -1   -1   -1   -1   -1   -1   -1   -1   -1   -1   -1   -1   -1    3   -1   -1   -1   -1   -1   -1   -1   -1   -1   -1   -1   -1    5   -1   -1   -1   -1   10   -1   -1   -1   -1   -1   -1   -1   -1   -1   -1   18   -1   -1   -1   -1   -1   -1   -1   -1   -1   -1   -1
   -1   -1   -1   -1   -1   -1   -1   -1   -1   -1   -1   -1   -1   -1   -1   -1    6   -1   -1   -1   -1   -1   -1   -1   -1   -1   -1   -1   -1   13   -1   -1   -1   -1   -1   -1   -1   -1   -1   -1   -1   -1   15   -1    4   -1   -1   -1   -1   -1   -1   -1   -1   -1   -1   -1   -1   -1   -1   -1    2   -1   -1   -1   -1   -1   -1    9   -1   -1   -1   -1   -1   -1   -1   -1   -1   -1   -1   -1   -1   -1   -1   -1   -1   -1   -1   -1   -1   -1   -1   -1   -1   -1   -1   -1   -1   -1   -1   -1
   -1    4   -1   -1   -1   -1   -1   -1   -1   -1   -1   -1   -1   -1   -1   11   -1   -1   -1   -1   -1   -1   -1   -1   -1   -1   -1   -1   -1   -1   -1   -1   -1   20   -1   -1   -1   -1   -1   -1   -1   15   -1   -1   -1   -1   -1   -1   -1   14   -1   -1   -1   -1   -1   -1   -1    7   -1   -1   -1   -1   -1   -1   -1   -1   -1   -1   -1   -1    5   -1   -1   -1   -1   -1   -1    9   -1   -1   -1   -1   -1   -1   -1   -1   -1   -1   -1   -1   -1   -1   -1   -1   -1    2   -1   -1   -1   -1
   -1   -1   -1   -1   -1   -1   -1   -1   -1   -1   -1   17    7   -1   15   -1   -1   -1   -1   -1   -1   -1   -1   -1   18   -1   -1   -1   -1   -1   -1   -1   -1   -1   -1   -1   -1    4   -1   -1   -1   -1   -1   -1   12   -1   -1   -1   -1   -1   -1   -1   -1   -1   -1   -1   -1   -1   -1   -1   -1   -1   -1   -1   -1   -1   -1   -1   -1   -1   -1   -1   -1   -1   -1   -1   -1   -1   -1   -1   -1   -1   -1   -1   -1   -1   -1   -1   -1   -1   -1   -1   -1   -1   -1   -1   -1   -1   -1   -1
   -1   -1   -1   -1   17   -1   -1   -1   -1   -1   -1   -1   -1   -1    2   -1   -1   -1   -1   -1   -1   -1   -1   -1   -1   -1   -1   -1   -1   -1   -1   -1   -1   -1   -1   -1   -1   -1   -1   -1   -1   -1   -1   -1   -1   -1   -1   -1   -1   -1   -1   -1   -1   -1   -1   -1   -1   -1   -1    9   -1   -1   -1   -1   -1   -1   -1   -1   -1   -1   -1   -1   -1   -1   -1   -1   -1   -1   -1   -1   -1   -1   -1   -1   -1   -1   -1   -1   14   -1   -1   -1   -1    2   -1   -1   -1   -1   -1   -1
   -1   -1   -1   -1   -1   -1   -1   -1   -1   -1   -1   -1   -1   -1   -1   -1   11   -1   -1   -1   11   -1   11   -1   -1    4   13    2   -1   -1   -1   -1   -1   -1   -1   -1   -1   19   -1   -1   -1   12   -1   -1   -1   -1   -1   -1   -1   20   -1   -1   -1   -1    2   -1   -1   -1   -1   -1   -1   -1   -1   -1   -1   -1   -1   -1   -1   -1   -1   -1   -1   -1   -1   -1   -1   -1   -1   -1   -1   18   16   -1   -1   -1   15   -1   -1   -1   16   -1   -1   -1   -1   -1   -1   -1   -1   -1
   -1   -1   -1   20   -1   -1   -1   -1   -1   -1   -1   -1   -1   -1   -1   -1   -1   -1   -1   -1   -1   -1   15   -1   -1    3   -1   -1   -1   -1   -1   -1   -1   -1   -1   10   -1    3   -1   -1   -1   -1   -1   -1   -1   -1   -1   19   -1    4   -1   -1   -1   -1   -1    4   -1   -1   -1   -1   -1   -1   -1   -1   -1   -1   -1   -1   -1   -1   -1   -1   -1   -1   -1   -1   -1   19   -1   10   -1   -1   -1   -1    6   -1   -1   -1   -1   12   -1   -1    5   -1   -1   -1    8   -1   -1   -1
   -1   -1   -1   -1   -1   -1   16   -1   -1   -1   -1   -1   -1   -1   -1   -1   -1   -1   -1   -1   -1   -1   -1   -1   -1   -1    2   -1   -1   -1   -1   -1   -1   -1   -1   -1   -1   -1   -1   -1   -1   -1   -1   -1   -1   20   -1   -1   -1   -1   -1   -1   -1   -1   -1   -1   -1   -1   -1   -1   -1   -1   -1   -1   -1   -1   -1   -1   -1   -1   10   -1    9   -1   -1   -1   19   -1   -1   -1    6   -1    5   -1   -1   -1   -1   13   -1   -1   -1   -1   -1   -1   -1   -1   -1   -1   -1   -1
   -1   -1   -1   -1   -1   -1   -1   -1   -1   -1   -1   -1   -1   -1   -1   -1   -1   -1   -1   -1   -1   -1   -1   -1   -1   -1   13   -1   -1   -1   -1   -1   -1   -1   -1   -1   -1   -1   -1   -1   -1   -1   -1   -1   -1   -1   -1   -1   -1   -1   -1   -1   -1   11   -1   -1   -1   -1   -1   -1   11   -1   -1   -1   -1   13   -1   11   -1   -1   -1   -1   -1   -1   -1   -1   -1   -1   -1   -1   -1   -1   -1   -1   -1   -1    9   -1   -1   -1   -1   -1   -1   -1   -1   -1   -1   -1    2   -1
   -1   -1   -1   -1   -1   -1    9   -1   -1   -1   -1   -1   -1   -1   -1   -1   17   -1   -1   -1   -1   -1   -1   -1   -1   -1   -1   -1   -1   -1   -1   -1   -1   -1   -1   -1   17   -1   -1   -1   -1   -1   -1   -1   -1   -1    6   -1   -1   -1   -1   -1   -1   -1   -1   -1   -1   -1   -1   -1   -1   -1   -1   -1   20   -1   -1   -1   -1   -1   -1   -1   -1   -1   -1   -1   10   -1   -1   -1   19   -1   -1   12   -1   -1   13   -1   -1   -1    4   -1   -1   -1   -1   -1   -1   -1   -1   -1
   14   -1   -1   -1   -1   -1   -1   -1    4   -1   -1   -1   -1   -1   -1   -1   -1   -1   -1   -1   -1   -1   -1   -1   -1   -1   -1   -1    7   -1   -1   -1   -1   -1   -1   -1   -1   -1   -1   -1   -1   -1   -1   -1   -1   -1   -1   -1   -1   -1   -1   -1   -1   10   -1   -1   20    3   -1   -1   -1   -1   -1   -1   -1   -1   -1   -1   18   12   -1   -1   -1   -1   -1   -1   -1    6   -1   19   -1   -1   -1   -1   -1   -1    2   -1   -1   15   -1   -1   -1   -1   -1   -1   18   -1    4   -1
   -1   -1   -1   -1   -1   11   -1   -1   -1   -1   -1   -1   -1   -1   -1   14   -1   -1   -1   17   -1   -1   11   -1   -1   -1   -1   -1    2   -1   -1   -1   -1   17   -1   -1   -1   -1   -1   13   -1   -1   -1   19   -1   -1   -1   -1   -1   -1   -1   -1   -1   -1   -1   -1   17   -1   -1   12   -1   -1   -1   -1   -1   -1   -1   -1   -1   -1   -1   -1   -1   -1   -1   18   -1   -1   -1   -1   -1   -1   -1   -1   -1   -1   -1   -1    2   -1    3   -1   -1   -1   10   -1   -1   -1   -1   -1
   -1   -1   -1   -1   -1   -1   -1   -1   -1   -1   -1   -1   -1   -1   -1   -1   -1   -1   -1   -1   -1   -1   -1   -1   -1   -1   -1   -1   -1   -1   -1   -1   -1   -1   -1   -1   -1   -1   -1    5   14   -1   -1   -1   -1   -1   -1   -1   -1   -1   -1   20   -1   -1   -1   -1   -1    2   -1   -1   -1   -1   -1   -1   -1    5   -1   -1   -1   11   -1   -1   -1   -1   -1   16   -1    5   -1   -1   -1   -1   -1   -1   -1   -1   -1   -1   -1   -1   -1   -1    6    9   -1   -1   -1   -1   -1   -1
   -1   -1   -1   -1   -1   -1   -1   -1   -1   15   -1   10   -1   -1   -1    9   -1   -1   -1   -1   -1   -1    6   -1   -1   -1   -1   -1   -1   -1   -1   -1   -1   20   -1    3   -1    7   17   -1   -1   -1   -1   -1   -1   -1   -1   -1   -1   -1   -1   -1   -1   -1   -1   -1   -1   -1   -1   -1   -1   -1   -1   17   -1    9   -1   -1   -1    9   -1   -1   -1   -1   -1   -1   -1   -1   -1   12   -1   -1   -1   -1   -1   -1   -1   -1   -1   -1   -1   -1   -1   -1   -1   -1   -1   -1   -1   -1
   -1   -1   -1   -1   12    6   -1   -1   -1   20   20   11   -1   -1   -1   -1    9   -1   -1   -1   -1   -1   -1   -1   -1   -1   -1   -1   -1   -1   -1   18   -1   -1   -1   -1   -1   -1    8   -1   -1   -1   -1   -1   -1   -1   10    3    3   -1   13   -1   -1   -1   -1   10   -1   -1   -1   -1   -1   -1   10   -1   -1   -1   -1   -1   -1   -1   -1   -1   -1   -1   -1   -1    6   -1   -1   -1   -1   -1   -1   -1   -1   -1   -1   -1   -1   -1   -1   -1   -1   -1   -1   -1   12   -1   -1   -1
   -1   -1   -1   -1   -1   -1   -1   -1    3   -1   -1   -1   -1   -1   -1   -1   -1   -1   -1   -1   -1   -1   -1   -1   -1   -1   -1   -1   -1   10   -1   -1   -1   -1   -1   -1   -1   -1   -1   -1   -1   -1   -1   -1   -1   -1   -1   -1   -1   -1   -1   -1   -1   -1   -1   -1   18   -1    5   -1   -1   -1   -1   -1   -1   -1   -1   12   -1   -1   -1   -1   -1   -1   -1   -1   -1   -1   -1   -1   -1   -1   -1   -1   -1   -1   -1   -1   -1   -1   -1   -1   -1   -1   -1   -1   -1   -1   -1   -1
   -1   -1   -1   -1   -1   -1   -1   -1   -1   -1   -1   -1   -1   -1   -1   -1   -1    7    4   -1   -1   -1   -1   -1   -1   -1   -1   -1   -1   -1   -1   -1    3   -1   -1   -1   -1    4   -1   -1   -1   -1   -1   -1   -1   -1   -1   -1   -1    2   -1   -1   -1   -1   -1   -1   -1   19   -1   -1   -1   -1   -1   -1   -1   -1   -1   11   -1   -1   -1   -1   -1   -1   -1   15   -1   -1    9   13    2   -1   -1   -1   -1   -1   -1   -1   -1   -1   -1   -1   -1   -1   -1   -1   -1   -1    4   -1
   -1   -1   -1   -1   -1   -1   -1   -1   -1   -1   -1    7   -1   -1   -1   -1   -1   -1   -1   -1   -1   -1   -1    5   -1   -1   -1   -1   -1   -1   -1   -1   -1   -1   15   -1   -1   -1   -1   -1   -1   -1   -1   -1   -1   -1   -1   -1   -1   -1   -1   -1   -1   -1   -1   -1   -1   -1   -1   -1   -1   -1   -1   -1   -1   -1   -1   -1   -1   -1   -1   -1   -1   -1   -1   -1   -1   13   -1   -1   -1   -1   -1   -1   -1   -1   -1   -1   -1   -1   -1   -1   -1   -1   -1   -1   -1   -1   -1   -1
   -1   -1   18   -1   -1   -1   -1   -1   -1   -1   -1   -1   -1   -1   -1   -1   -1   -1   -1   -1   -1   -1   -1   -1   -1   -1   -1   -1   -1   -1   -1   -1   -1   -1   -1   13   -1   -1   -1    8   -1   -1   -1   -1   11   -1   -1   -1   -1   -1   -1   -1   -1   -1   -1   -1   -1   -1   -1   -1   -1   -1   -1   -1   -1   -1   -1   11   -1   -1   18   -1   -1   -1   14   -1   -1   -1   -1   -1   -1    2   -1   -1   -1   -1   -1   -1   -1   -1   -1   15   -1   -1   -1   -1   -1   -1   -1   11
   -1   -1   -1   -1   -1   -1   -1   19   -1   -1   -1   -1   -1   -1   -1   -1   -1   -1   -1   -1   -1   -1   -1   -1   -1   -1   -1   -1   -1   -1   -1   -1   -1   -1   -1   -1   -1   -1   -1   -1   -1   -1    4   -1   -1   -1   -1   -1   -1   -1   -1   -1   -1   -1   -1   -1   -1   -1   -1   -1   -1   11   -1   13   -1   -1   -1   -1   -1   -1   -1   -1   -1   -1   -1   -1   12   -1   -1   -1   15   -1   -1   -1   -1   -1   -1   -1   -1   -1   -1   -1   -1   -1   -1   -1   -1   -1   -1   -1
   -1   -1    6   -1   -1   -1   -1   18   -1   -1   -1   -1   -1   -1    6   -1   -1   -1   -1   -1   -1   -1   -1   16   -1   -1   -1   -1   -1   -1   -1   -1   -1   -1   -1   -1   -1   -1   -1   -1   -1   -1   -1   -1   -1   -1   -1   -1   -1    8   -1   -1   -1   -1   -1   -1   -1   -1   -1   -1   -1   -1   -1   -1   -1   -1   -1   -1   -1   -1   -1   -1   -1   -1   -1   16   -1   -1   -1    4   -1    3   -1   -1   -1   -1   -1   -1   -1   -1   -1   -1   -1   10   -1   -1   -1   -1   19    2
   -1   -1   -1   -1   17   -1   -1   -1   -1   -1   -1   -1   -1   -1   -1   -1    7   -1   -1   -1   -1   -1   -1   -1   -1   -1    8   -1   -1   -1   -1   -1   -1   20   -1   -1   -1   -1   -1   -1   -1   -1   -1   -1   -1    6   -1    2   -1   -1   -1   -1   16   14   -1    6   -1   -1   -1   -1   20   18   19   -1   -1   -1   -1   -1   -1    7   -1   -1   -1   -1   -1   -1   -1   -1   -1   -1   -1   -1   -1   -1   -1   -1   -1   -1   15   -1   -1   -1   -1   -1   -1   -1   -1   -1   -1   -1
   -1   -1   -1   -1   -1   -1   -1   -1   -1   -1   -1   15   -1   -1   16   -1   -1   -1   -1   -1   17   -1   -1    3    2   15   -1    2   -1   -1    1   -1   -1   -1   -1   -1   -1   -1   -1   -1   -1   -1   -1   -1   -1   -1   -1   -1   -1   -1   -1   -1   -1   -1   -1   -1   -1   -1   -1   -1   -1   -1   -1   -1   -1   -1   -1   -1   -1   -1   -1   -1   -1   -1   -1   -1    5   -1   -1   -1   -1   -1    6   -1   -1   -1   -1   -1   -1   -1   -1   -1   -1   -1   -1   -1   -1   -1    7   -1
   -1   18   -1   -1   -1   -1   -1   -1   -1   -1   -1   -1   -1   -1   -1   -1   -1   -1   15   -1   -1   -1   -1   -1   -1   -1    6   -1   -1   -1   -1   -1   -1   -1   -1   -1   -1   -1   18   -1    5   -1   -1    5   -1   -1   -1   -1   -1   -1   -1   -1   10   -1   11   20   -1   -1   -1   -1   -1   -1   -1   -1   -1   -1   -1   -1   -1   -1   -1   -1   -1   -1    2   -1   -1   -1   -1   -1   -1   -1    9   -1   -1   -1   -1   -1   -1   -1   10   -1   -1   -1   -1   -1   -1   -1   -1   -1
   -1   -1   -1   -1   -1   -1   -1   -1   -1   -1   -1   -1   -1   -1   -1   -1   -1   -1   -1    6   -1    5   -1   -1   -1   -1   -1   -1   -1   -1   -1   -1   -1   -1   -1   -1   -1   -1   -1    2   -1   -1   -1   -1   -1   -1   -1   -1   19   -1   -1   -1   -1   -1   -1   -1   -1   -1   -1   10   -1   15   -1   -1   -1    5   -1   -1   -1   -1   -1   -1   -1   -1   -1   -1   -1   -1   -1   -1   -1   10   -1   -1   -1   -1   -1   -1   -1   -1   -1   -1   -1   -1   -1   -1   -1   -1   -1   -1
    6   -1   -1   -1   -1   -1   -1   11   -1   -1   -1   -1   -1   -1   -1   -1   -1   -1   -1   -1   -1   -1   -1   -1   -1   -1   -1   -1   -1   -1   -1   -1   -1   -1   -1   -1   -1   -1   13   -1   -1   -1   -1   -1   -1   -1   -1   -1   -1   -1   -1   -1   -1   17   -1   -1   -1   -1   -1   -1   -1   -1   -1   -1   -1   15   -1   -1   -1   -1   -1   -1    2   -1   -1   -1   -1   -1   -1   -1   -1   -1   -1   -1   -1   -1   -1   -1   -1   -1   -1   -1   -1   -1   -1   -1   -1   -1   -1   -1
   -1   -1   -1   -1   -1    6   -1   -1   -1   -1   -1   -1   -1   -1   -1   -1   -1   -1   -1   -1   -1   -1   12   -1   -1   -1   -1   -1   -1   -1   16   -1   -1    5   -1   -1   -1   -1   -1   -1   -1   -1   -1   -1    6   -1   -1    6   -1   -1   -1   -1   -1   -1   -1   -1    7    4   16   -1   -1   -1    7   -1   -1   -1   -1   -1   -1   -1   -1   -1   -1   -1   -1   -1    8   -1   -1   -1   18   -1   -1   -1   12   -1   -1   -1   -1   -1   -1   -1   -1   -1   -1   -1   -1   -1   -1   -1
   -1   -1   -1   -1   -1   16   -1   -1   -1   -1   -1   -1   -1    4   -1   -1   -1   -1   -1   16   -1   -1   -1   -1   -1   -1   -1   -1   -1   -1   -1   -1   -1   -1   -1   -1   -1   -1   -1   -1   19   -1   -1   -1   -1   -1   -1   -1   -1   -1   -1   -1   -1   -1   -1   -1   -1   -1   -1   -1   -1   -1   -1   -1   -1   -1   -1   -1   -1   -1   -1   -1   -1   -1   -1   -1   -1   -1   -1   -1   -1   -1   -1   -1   -1   -1   -1   -1   -1   -1   -1   -1   -1   -1   -1   -1   -1   -1   -1    8
    4   -1    4   -1   -1   -1   -1   -1   -1   -1   -1   -1   -1   19   -1   -1   -1   -1   -1   -1   -1   -1   -1   -1   -1   -1   15   -1   13   13   -1   -1   -1   -1   -1   -1   -1    6   -1   -1   -1   -1   -1   -1   -1   -1   -1   -1    6   -1   -1   -1   -1    3   -1   -1   -1   -1   -1   13   -1   -1   -1   -1   -1    5   -1   -1   -1   -1   -1   -1   -1   -1   -1   -1   -1   -1    2   -1    4   -1   -1   -1   -1   -1    4   -1   -1   -1   19   -1    7   -1   -1   -1   -1   -1   -1   -1
   -1   -1   -1   -1   -1   -1   -1   -1   -1   -1   -1   -1   -1    5   -1   -1   17   -1   -1   12   -1   -1   -1   -1   -1   -1   -1   -1   -1   -1   -1   -1   -1   -1   -1   -1    3   -1   -1   -1   -1   -1   -1   15   -1   -1   -1   20   -1   -1   -1   -1   11   -1   17   -1   -1   20   -1   -1   -1   -1   -1   19   -1   -1   15   -1   -1   -1   -1   -1   -1   -1   -1   -1   -1   -1   -1   -1   -1   -1   -1   -1   -1   -1   -1   -1   11   -1    2   -1   -1   -1   -1   -1   -1    8   -1   -1
